 2.03 -0.0013822
 2.05 -0.0017616
 2.07 -0.0020579
 2.09 -0.002304
 2.11 -0.0025151
 2.13 -0.0026999
 2.15 -0.0028639
 2.17 -0.0030109
 2.19 -0.0031437
 2.21 -0.0032642
 2.23 -0.0033741
 2.25 -0.0034746
 2.27 -0.0035668
 2.29 -0.0036516
 2.31 -0.0037296
 2.33 -0.0038015
 2.35 -0.0038679
 2.37 -0.0039291
 2.39 -0.0039857
 2.41 -0.0040379
 2.43 -0.004086
 2.45 -0.0041305
 2.47 -0.0041714
 2.49 -0.0042091
 2.51 -0.0042438
 2.53 -0.0042756
 2.55 -0.0043048
 2.57 -0.0043314
 2.59 -0.0043557
 2.61 -0.0043778
 2.63 -0.0043978
 2.65 -0.0044159
 2.67 -0.004432
 2.69 -0.0044464
 2.71 -0.0044592
 2.73 -0.0044704
 2.75 -0.0044801
 2.77 -0.0044883
 2.79 -0.0044953
 2.81 -0.004501
 2.83 -0.0045055
 2.85 -0.0045088
 2.87 -0.0045111
 2.89 -0.0045123
 2.91 -0.0045126
 2.93 -0.0045119
 2.95 -0.0045104
 2.97 -0.0045081
 2.99 -0.0045049
 3.01 -0.004501
 3.03 -0.0044964
 3.05 -0.0044912
 3.07 -0.0044853
 3.09 -0.0044788
 3.11 -0.0044717
 3.13 -0.004464
 3.15 -0.0044559
 3.17 -0.0044473
 3.19 -0.0044382
 3.21 -0.0044287
 3.23 -0.0044187
 3.25 -0.0044084
 3.27 -0.0043977
 3.29 -0.0043867
 3.31 -0.0043753
 3.33 -0.0043636
 3.35 -0.0043516
 3.37 -0.0043394
 3.39 -0.0043269
 3.41 -0.0043141
 3.43 -0.0043011
 3.45 -0.0042879
 3.47 -0.0042745
 3.49 -0.0042609
 3.51 -0.0042472
 3.53 -0.0042333
 3.55 -0.0042192
 3.57 -0.004205
 3.59 -0.0041906
 3.61 -0.0041762
 3.63 -0.0041616
 3.65 -0.0041469
 3.67 -0.0041321
 3.69 -0.0041173
 3.71 -0.0041024
 3.73 -0.0040874
 3.75 -0.0040723
 3.77 -0.0040572
 3.79 -0.004042
 3.81 -0.0040268
 3.83 -0.0040116
 3.85 -0.0039963
 3.87 -0.003981
 3.89 -0.0039657
 3.91 -0.0039504
 3.93 -0.0039351
 3.95 -0.0039197
 3.97 -0.0039044
 3.99 -0.0038891
 4.01 -0.0038738
