 2.035 1.29062 -0.00151578
 2.035 1.3219 -0.00154242
 2.035 1.35275 -0.00157057
 2.035 1.3832 -0.00160037
 2.035 1.41328 -0.00163193
 2.035 1.44301 -0.00166542
 2.035 1.47242 -0.00170099
 2.035 1.50151 -0.00173882
 2.035 1.53031 -0.00177914
 2.035 1.55884 -0.00182216
 2.055 1.29062 -0.00187578
 2.055 1.3219 -0.0019086
 2.055 1.35275 -0.00194331
 2.055 1.3832 -0.00198006
 2.055 1.41328 -0.00201901
 2.055 1.44301 -0.00206036
 2.055 1.47242 -0.00210431
 2.055 1.50151 -0.00215109
 2.055 1.53031 -0.00220098
 2.055 1.55884 -0.00225427
 2.075 1.29062 -0.00216246
 2.075 1.3219 -0.00220013
 2.075 1.35275 -0.00223998
 2.075 1.3832 -0.00228219
 2.075 1.41328 -0.00232696
 2.075 1.44301 -0.00237451
 2.075 1.47242 -0.00242508
 2.075 1.50151 -0.00247894
 2.075 1.53031 -0.00253643
 2.075 1.55884 -0.00259788
 2.095 1.29062 -0.00240281
 2.095 1.3219 -0.00244446
 2.095 1.35275 -0.00248854
 2.095 1.3832 -0.00253526
 2.095 1.41328 -0.00258484
 2.095 1.44301 -0.00263751
 2.095 1.47242 -0.00269357
 2.095 1.50151 -0.00275332
 2.095 1.53031 -0.00281713
 2.095 1.55884 -0.00288541
 2.115 1.29062 -0.00261016
 2.115 1.3219 -0.00265517
 2.115 1.35275 -0.00270283
 2.115 1.3832 -0.00275336
 2.115 1.41328 -0.00280701
 2.115 1.44301 -0.00286403
 2.115 1.47242 -0.00292476
 2.115 1.50151 -0.00298953
 2.115 1.53031 -0.00305874
 2.115 1.55884 -0.00313286
 2.135 1.29062 -0.00279232
 2.135 1.3219 -0.00284021
 2.135 1.35275 -0.00289094
 2.135 1.3832 -0.00294474
 2.135 1.41328 -0.00300189
 2.135 1.44301 -0.00306267
 2.135 1.47242 -0.00312742
 2.135 1.50151 -0.00319653
 2.135 1.53031 -0.00327044
 2.135 1.55884 -0.00334964
 2.155 1.29062 -0.00295436
 2.155 1.3219 -0.00300474
 2.155 1.35275 -0.00305812
 2.155 1.3832 -0.00311476
 2.155 1.41328 -0.00317495
 2.155 1.44301 -0.00323899
 2.155 1.47242 -0.00330726
 2.155 1.50151 -0.00338015
 2.155 1.53031 -0.00345816
 2.155 1.55884 -0.00354181
 2.175 1.29062 -0.00309981
 2.175 1.3219 -0.00315235
 2.175 1.35275 -0.00320804
 2.175 1.3832 -0.00326715
 2.175 1.41328 -0.00332999
 2.175 1.44301 -0.00339688
 2.175 1.47242 -0.00346822
 2.175 1.50151 -0.00354444
 2.175 1.53031 -0.00362604
 2.175 1.55884 -0.00371362
 2.195 1.29062 -0.00323125
 2.195 1.3219 -0.00328567
 2.195 1.35275 -0.00334337
 2.195 1.3832 -0.00340464
 2.195 1.41328 -0.00346978
 2.195 1.44301 -0.00353917
 2.195 1.47242 -0.0036132
 2.195 1.50151 -0.00369234
 2.195 1.53031 -0.00377712
 2.195 1.55884 -0.00386816
 2.215 1.29062 -0.00335064
 2.215 1.3219 -0.00340669
 2.215 1.35275 -0.00346614
 2.215 1.3832 -0.00352929
 2.215 1.41328 -0.00359646
 2.215 1.44301 -0.00366803
 2.215 1.47242 -0.00374442
 2.215 1.50151 -0.00382612
 2.215 1.53031 -0.00391369
 2.215 1.55884 -0.00400778
