 2.03 2.031 -0.0014055
 2.03 2.051 -0.0014301
 2.03 2.071 -0.0014561
 2.03 2.091 -0.0014837
 2.03 2.111 -0.0015128
 2.03 2.131 -0.0015438
 2.03 2.151 -0.0015766
 2.03 2.171 -0.0016116
 2.03 2.191 -0.0016488
 2.03 2.211 -0.0016884
 2.03 2.231 -0.0017309
 2.03 2.251 -0.0017763
 2.03 2.271 -0.001825
 2.03 2.291 -0.0018775
 2.03 2.311 -0.001934
 2.03 2.331 -0.0019951
 2.03 2.351 -0.0020614
 2.03 2.371 -0.0021336
 2.03 2.391 -0.0022124
 2.03 2.411 -0.0022988
 2.03 2.431 -0.002394
 2.03 2.451 -0.0024994
 2.03 2.471 -0.0026168
 2.03 2.491 -0.0027483
 2.03 2.511 -0.002897
 2.03 2.531 -0.0030663
 2.03 2.551 -0.0051975
 2.03 2.571 -0.0072472
 2.03 2.591 -0.0088595
 2.03 2.611 -0.0104
 2.03 2.631 -0.012002
 2.03 2.651 -0.013777
 2.03 2.671 -0.015884
 2.03 2.691 -0.018639
 2.03 2.711 -0.02297
 2.03 2.731 -0.038262
 2.03 2.751 -0.024727
 2.03 2.771 -0.020302
 2.03 2.791 -0.017882
 2.03 2.811 -0.016239
 2.03 2.831 -0.015009
 2.03 2.851 -0.014035
 2.03 2.871 -0.013233
 2.03 2.891 -0.012556
 2.03 2.911 -0.011973
 2.03 2.931 -0.011462
 2.03 2.951 -0.01101
 2.03 2.971 -0.010605
 2.03 2.991 -0.010239
 2.03 3.011 -0.0099061
 2.03 3.031 -0.0096013
 2.03 3.051 -0.0093208
 2.03 3.071 -0.0090612
 2.03 3.091 -0.0088201
 2.03 3.111 -0.0085953
