 2.035 1.29062 -0.00151578
 2.035 1.3219 -0.00154242
 2.035 1.35275 -0.00157057
 2.035 1.3832 -0.00160037
 2.035 1.41328 -0.00163193
 2.035 1.44301 -0.00166542
 2.035 1.47242 -0.00170099
 2.035 1.50151 -0.00173882
 2.035 1.53031 -0.00177914
 2.035 1.55884 -0.00182216
 2.035 1.5871 -0.00186817
 2.035 1.61512 -0.00191745
 2.035 1.6429 -0.00197038
 2.035 1.67046 -0.00202733
 2.035 1.69781 -0.00208879
 2.035 1.72496 -0.0021553
 2.035 1.75192 -0.0022275
 2.035 1.77869 -0.00230614
 2.035 1.80528 -0.00239212
 2.035 1.83171 -0.00248654
 2.035 1.85798 -0.0025907
 2.035 1.88409 -0.00270625
 2.035 1.91006 -0.00283519
 2.035 1.93588 -0.00298009
 2.035 1.96157 -0.00314427
 2.035 1.98713 -0.00333205
 2.035 2.01256 -0.00574103
 2.035 2.03787 -0.00774521
 2.035 2.06307 -0.0093943
 2.035 2.08815 -0.011006
 2.035 2.11312 -0.0127182
 2.035 2.13799 -0.0146691
 2.035 2.16276 -0.0170839
 2.035 2.18743 -0.0204971
 2.035 2.21201 -0.0272088
 2.035 2.23649 -0.0288213
 2.035 2.26089 -0.0217498
 2.035 2.2852 -0.0187092
 2.035 2.30943 -0.0167923
 2.035 2.33357 -0.0154102
 2.035 2.35764 -0.0143402
 2.035 2.38164 -0.013474
 2.035 2.40556 -0.0127507
 2.035 2.42941 -0.0121329
 2.035 2.4532 -0.0115958
 2.035 2.47691 -0.0111226
 2.035 2.50056 -0.0107007
 2.035 2.52415 -0.0103212
 2.035 2.54767 -0.00997711
 2.035 2.57114 -0.00966293
 2.035 2.59455 -0.00937442
 2.035 2.6179 -0.00910811
 2.035 2.6412 -0.00886119
 2.035 2.66444 -0.00863131
 2.035 2.68763 -0.00841654
 2.035 2.71077 -0.00821522
 2.035 2.73386 -0.00802597
 2.035 2.75691 -0.00784757
 2.035 2.7799 -0.007679
 2.035 2.80285 -0.00751937
 2.035 2.82575 -0.00736788
 2.035 2.84862 -0.00722384
 2.035 2.87143 -0.00708666
 2.035 2.89421 -0.00695578
 2.035 2.91694 -0.00683073
 2.035 2.93964 -0.00671108
 2.035 2.9623 -0.00659644
 2.035 2.98492 -0.00648646
 2.035 3.0075 -0.00638084
 2.035 3.03004 -0.00627928
 2.035 3.05255 -0.00618154
 2.035 3.07503 -0.00608736
 2.035 3.09747 -0.00599654
 2.035 3.11988 -0.00590889
 2.035 3.14226 -0.00582421
 2.035 3.1646 -0.00574234
 2.035 3.18691 -0.00566314
 2.035 3.20919 -0.00558645
 2.035 3.23145 -0.00551214
 2.035 3.25367 -0.0054401
 2.035 3.27586 -0.00537022
 2.035 3.29803 -0.00530237
 2.035 3.32017 -0.00523648
 2.035 3.34228 -0.00517244
 2.035 3.36437 -0.00511018
 2.035 3.38643 -0.00504961
 2.035 3.40846 -0.00499065
 2.035 3.43047 -0.00493314
 2.035 3.45246 -0.00487731
 2.035 3.47442 -0.00482279
 2.035 3.49635 -0.00476964
 2.035 3.51827 -0.0047178
 2.035 3.54016 -0.0046672
 2.035 3.56203 -0.00461781
 2.035 3.58388 -0.00456958
 2.035 3.6057 -0.00452246
 2.035 3.62751 -0.00447641
 2.035 3.64929 -0.0044314
 2.035 3.67106 -0.00438738
 2.035 3.6928 -0.00434432
 2.055 1.29062 -0.00187578
 2.055 1.3219 -0.0019086
 2.055 1.35275 -0.00194331
 2.055 1.3832 -0.00198006
 2.055 1.41328 -0.00201901
 2.055 1.44301 -0.00206036
 2.055 1.47242 -0.00210431
 2.055 1.50151 -0.00215109
 2.055 1.53031 -0.00220098
 2.055 1.55884 -0.00225427
 2.055 1.5871 -0.00231131
 2.055 1.61512 -0.00237248
 2.055 1.6429 -0.00243825
 2.055 1.67046 -0.00250914
 2.055 1.69781 -0.00258576
 2.055 1.72496 -0.00266883
 2.055 1.75192 -0.00275921
 2.055 1.77869 -0.0028579
 2.055 1.80528 -0.00296614
 2.055 1.83171 -0.00308541
 2.055 1.85798 -0.00321755
 2.055 1.88409 -0.00336486
 2.055 1.91006 -0.00353027
 2.055 1.93588 -0.00371755
 2.055 1.96157 -0.00393172
 2.055 1.98713 -0.00417958
 2.055 2.01256 -0.00673617
 2.055 2.03787 -0.00891978
 2.055 2.06307 -0.0107948
 2.055 2.08815 -0.0127227
 2.055 2.11312 -0.0149199
 2.055 2.13799 -0.017719
 2.055 2.16276 -0.0220328
 2.055 2.18743 -0.0365134
 2.055 2.21201 -0.0240297
 2.055 2.23649 -0.0196493
 2.055 2.26089 -0.0172775
 2.055 2.2852 -0.0156757
 2.055 2.30943 -0.0144812
 2.055 2.33357 -0.0135373
 2.055 2.35764 -0.0127629
 2.055 2.38164 -0.01211
 2.055 2.40556 -0.0115482
 2.055 2.42941 -0.011057
 2.055 2.4532 -0.0106222
 2.055 2.47691 -0.0102331
 2.055 2.50056 -0.00988189
 2.055 2.52415 -0.00956254
 2.055 2.54767 -0.00927026
 2.055 2.57114 -0.00900128
 2.055 2.59455 -0.00875251
 2.055 2.6179 -0.00852145
 2.055 2.6412 -0.008306
 2.055 2.66444 -0.00810442
 2.055 2.68763 -0.00791521
 2.055 2.71077 -0.00773712
 2.055 2.73386 -0.00756906
 2.055 2.75691 -0.00741009
 2.055 2.7799 -0.00725939
 2.055 2.80285 -0.00711624
 2.055 2.82575 -0.00698002
 2.055 2.84862 -0.00685017
 2.055 2.87143 -0.0067262
 2.055 2.89421 -0.00660765
 2.055 2.91694 -0.00649414
 2.055 2.93964 -0.00638532
 2.055 2.9623 -0.00628085
 2.055 2.98492 -0.00618046
 2.055 3.0075 -0.00608387
 2.055 3.03004 -0.00599086
 2.055 3.05255 -0.00590119
 2.055 3.07503 -0.00581468
 2.055 3.09747 -0.00573113
 2.055 3.11988 -0.00565039
 2.055 3.14226 -0.00557229
 2.055 3.1646 -0.00549669
 2.055 3.18691 -0.00542346
 2.055 3.20919 -0.00535249
 2.055 3.23145 -0.00528364
 2.055 3.25367 -0.00521683
 2.055 3.27586 -0.00515195
 2.055 3.29803 -0.0050889
 2.055 3.32017 -0.00502761
 2.055 3.34228 -0.004968
 2.055 3.36437 -0.00490998
 2.055 3.38643 -0.0048535
 2.055 3.40846 -0.00479848
 2.055 3.43047 -0.00474476
 2.055 3.45246 -0.00469258
 2.055 3.47442 -0.00464159
 2.055 3.49635 -0.00459184
 2.055 3.51827 -0.00454328
 2.055 3.54016 -0.00449586
 2.055 3.56203 -0.00444954
 2.055 3.58388 -0.00440428
 2.055 3.6057 -0.00436003
 2.055 3.62751 -0.00431677
 2.055 3.64929 -0.00427445
 2.055 3.67106 -0.00423305
 2.055 3.6928 -0.00419252
 2.075 1.29062 -0.00216246
 2.075 1.3219 -0.00220013
 2.075 1.35275 -0.00223998
 2.075 1.3832 -0.00228219
 2.075 1.41328 -0.00232696
 2.075 1.44301 -0.00237451
 2.075 1.47242 -0.00242508
 2.075 1.50151 -0.00247894
 2.075 1.53031 -0.00253643
 2.075 1.55884 -0.00259788
 2.075 1.5871 -0.00266372
 2.075 1.61512 -0.00273442
 2.075 1.6429 -0.00281052
 2.075 1.67046 -0.00289265
 2.075 1.69781 -0.00298158
 2.075 1.72496 -0.00307817
 2.075 1.75192 -0.00318348
 2.075 1.77869 -0.00329878
 2.075 1.80528 -0.0034256
 2.075 1.83171 -0.00356585
 2.075 1.85798 -0.0037219
 2.075 1.88409 -0.00389676
 2.075 1.91006 -0.00409434
 2.075 1.93588 -0.00431981
 2.075 1.96157 -0.00458021
 2.075 1.98713 -0.00488547
 2.075 2.01256 -0.007597
 2.075 2.03787 -0.00997849
 2.075 2.06307 -0.0121209
 2.075 2.08815 -0.0144641
 2.075 2.11312 -0.0174136
 2.075 2.13799 -0.0220307
 2.075 2.16276 -0.0515224
 2.075 2.18743 -0.022819
 2.075 2.21201 -0.0188546
 2.075 2.23649 -0.0166391
 2.075 2.26089 -0.0151266
 2.075 2.2852 -0.0139926
 2.075 2.30943 -0.013094
 2.075 2.33357 -0.0123551
 2.075 2.35764 -0.0117312
 2.075 2.38164 -0.0111938
 2.075 2.40556 -0.0107236
 2.075 2.42941 -0.010307
 2.075 2.4532 -0.00993394
 2.075 2.47691 -0.00959705
 2.075 2.50056 -0.00929053
 2.075 2.52415 -0.00900987
 2.075 2.54767 -0.00875146
 2.075 2.57114 -0.00851237
 2.075 2.59455 -0.0082902
 2.075 2.6179 -0.00808296
