 2.035 2.033 -0.0015158
 2.035 2.053 -0.0015424
 2.035 2.073 -0.0015706
 2.035 2.093 -0.0016004
 2.035 2.113 -0.0016319
 2.035 2.133 -0.0016654
 2.035 2.153 -0.001701
 2.035 2.173 -0.0017388
 2.035 2.193 -0.0017791
 2.035 2.213 -0.0018222
 2.055 2.033 -0.0018758
 2.055 2.053 -0.0019086
 2.055 2.073 -0.0019433
 2.055 2.093 -0.0019801
 2.055 2.113 -0.002019
 2.055 2.133 -0.0020604
 2.055 2.153 -0.0021043
 2.055 2.173 -0.0021511
 2.055 2.193 -0.002201
 2.055 2.213 -0.0022543
 2.075 2.033 -0.0021625
 2.075 2.053 -0.0022001
 2.075 2.073 -0.00224
 2.075 2.093 -0.0022822
 2.075 2.113 -0.002327
 2.075 2.133 -0.0023745
 2.075 2.153 -0.0024251
 2.075 2.173 -0.0024789
 2.075 2.193 -0.0025364
 2.075 2.213 -0.0025979
 2.095 2.033 -0.0024028
 2.095 2.053 -0.0024445
 2.095 2.073 -0.0024885
 2.095 2.093 -0.0025353
 2.095 2.113 -0.0025848
 2.095 2.133 -0.0026375
 2.095 2.153 -0.0026936
 2.095 2.173 -0.0027533
 2.095 2.193 -0.0028171
 2.095 2.213 -0.0028854
 2.115 2.033 -0.0026102
 2.115 2.053 -0.0026552
 2.115 2.073 -0.0027028
 2.115 2.093 -0.0027534
 2.115 2.113 -0.002807
 2.115 2.133 -0.002864
 2.115 2.153 -0.0029248
 2.115 2.173 -0.0029895
 2.115 2.193 -0.0030587
 2.115 2.213 -0.0031329
 2.135 2.033 -0.0027923
 2.135 2.053 -0.0028402
 2.135 2.073 -0.0028909
 2.135 2.093 -0.0029447
 2.135 2.113 -0.0030019
 2.135 2.133 -0.0030627
 2.135 2.153 -0.0031274
 2.135 2.173 -0.0031965
 2.135 2.193 -0.0032704
 2.135 2.213 -0.0033496
 2.155 2.033 -0.0029544
 2.155 2.053 -0.0030047
 2.155 2.073 -0.0030581
 2.155 2.093 -0.0031148
 2.155 2.113 -0.0031749
 2.155 2.133 -0.003239
 2.155 2.153 -0.0033073
 2.155 2.173 -0.0033802
 2.155 2.193 -0.0034582
 2.155 2.213 -0.0035418
 2.175 2.033 -0.0030998
 2.175 2.053 -0.0031523
 2.175 2.073 -0.003208
 2.175 2.093 -0.0032672
 2.175 2.113 -0.00333
 2.175 2.133 -0.0033969
 2.175 2.153 -0.0034682
 2.175 2.173 -0.0035444
 2.175 2.193 -0.003626
 2.175 2.213 -0.0037136
 2.195 2.033 -0.0032312
 2.195 2.053 -0.0032857
 2.195 2.073 -0.0033434
 2.195 2.093 -0.0034046
 2.195 2.113 -0.0034698
 2.195 2.133 -0.0035392
 2.195 2.153 -0.0036132
 2.195 2.173 -0.0036923
 2.195 2.193 -0.0037771
 2.195 2.213 -0.0038682
 2.215 2.033 -0.0033506
 2.215 2.053 -0.0034067
 2.215 2.073 -0.0034661
 2.215 2.093 -0.0035293
 2.215 2.113 -0.0035965
 2.215 2.133 -0.003668
 2.215 2.153 -0.0037444
 2.215 2.173 -0.0038261
 2.215 2.193 -0.0039137
 2.215 2.213 -0.0040078
