 2.035 2.033 -0.049573
 2.035 2.053 -0.050458
 2.035 2.073 -0.051392
 2.035 2.093 -0.05238
 2.035 2.113 -0.053424
 2.035 2.133 -0.054529
 2.035 2.153 -0.055701
 2.035 2.173 -0.056946
 2.035 2.193 -0.05827
 2.035 2.213 -0.059681
 2.055 2.033 -0.032504
 2.055 2.053 -0.033088
 2.055 2.073 -0.033703
 2.055 2.093 -0.034353
 2.055 2.113 -0.03504
 2.055 2.133 -0.035767
 2.055 2.153 -0.036538
 2.055 2.173 -0.037357
 2.055 2.193 -0.038228
 2.055 2.213 -0.039155
 2.075 2.033 -0.024456
 2.075 2.053 -0.024897
 2.075 2.073 -0.025362
 2.075 2.093 -0.025853
 2.075 2.113 -0.026372
 2.075 2.133 -0.026921
 2.075 2.153 -0.027503
 2.075 2.173 -0.02812
 2.075 2.193 -0.028777
 2.075 2.213 -0.029476
 2.095 2.033 -0.019734
 2.095 2.053 -0.020091
 2.095 2.073 -0.020468
 2.095 2.093 -0.020865
 2.095 2.113 -0.021285
 2.095 2.133 -0.021729
 2.095 2.153 -0.0222
 2.095 2.173 -0.022699
 2.095 2.193 -0.02323
 2.095 2.213 -0.023796
 2.115 2.033 -0.016603
 2.115 2.053 -0.016905
 2.115 2.073 -0.017223
 2.115 2.093 -0.017558
 2.115 2.113 -0.017912
 2.115 2.133 -0.018287
 2.115 2.153 -0.018684
 2.115 2.173 -0.019105
 2.115 2.193 -0.019552
 2.115 2.213 -0.020029
 2.135 2.033 -0.014358
 2.135 2.053 -0.01462
 2.135 2.073 -0.014896
 2.135 2.093 -0.015186
 2.135 2.113 -0.015493
 2.135 2.133 -0.015818
 2.135 2.153 -0.016162
 2.135 2.173 -0.016526
 2.135 2.193 -0.016914
 2.135 2.213 -0.017327
 2.155 2.033 -0.012656
 2.155 2.053 -0.012888
 2.155 2.073 -0.013132
 2.155 2.093 -0.013389
 2.155 2.113 -0.01366
 2.155 2.133 -0.013946
 2.155 2.153 -0.01425
 2.155 2.173 -0.014572
 2.155 2.193 -0.014914
 2.155 2.213 -0.015278
 2.175 2.033 -0.011313
 2.175 2.053 -0.011521
 2.175 2.073 -0.011739
 2.175 2.093 -0.01197
 2.175 2.113 -0.012212
 2.175 2.133 -0.012469
 2.175 2.153 -0.01274
 2.175 2.173 -0.013028
 2.175 2.193 -0.013334
 2.175 2.213 -0.01366
 2.195 2.033 -0.010219
 2.195 2.053 -0.010407
 2.195 2.073 -0.010605
 2.195 2.093 -0.010813
 2.195 2.113 -0.011032
 2.195 2.133 -0.011264
 2.195 2.153 -0.011509
 2.195 2.173 -0.01177
 2.195 2.193 -0.012046
 2.195 2.213 -0.01234
 2.215 2.033 -0.0093054
 2.215 2.053 -0.009477
 2.215 2.073 -0.0096573
 2.215 2.093 -0.0098465
 2.215 2.113 -0.010046
 2.215 2.133 -0.010258
 2.215 2.153 -0.010481
 2.215 2.173 -0.010718
 2.215 2.193 -0.010969
 2.215 2.213 -0.011237
