1.81 -0.0026069
1.82 -0.00260523
1.83 -0.00260354
1.84 -0.00260181
1.85 -0.00260007
1.86 -0.00259829
1.87 -0.00259648
1.88 -0.00259465
1.89 -0.00259278
1.9 -0.00259089
1.91 -0.00258896
1.92 -0.00258701
1.93 -0.00258501
1.94 -0.00258299
1.95 -0.00258093
1.96 -0.00257884
1.97 -0.00257671
1.98 -0.00257455
1.99 -0.00257234
2 -0.00257011
2.01 -0.00256783
2.02 -0.00256551
2.03 -0.00256316
2.04 -0.00256076
2.05 -0.00255832
2.06 -0.00255584
2.07 -0.00255332
2.08 -0.00255075
2.09 -0.00254814
2.1 -0.00254549
2.11 -0.00254278
2.12 -0.00254003
2.13 -0.00253724
2.14 -0.00253439
2.15 -0.0025315
2.16 -0.00252855
2.17 -0.00252555
2.18 -0.00252251
2.19 -0.00251941
2.2 -0.00251625
