1.81 0.00604052
1.82 0.00610091
1.83 0.00616503
1.84 0.00623336
1.85 0.00630647
1.86 0.00638506
1.87 0.00647
1.88 0.00656239
1.89 0.00666362
1.9 0.00677553
1.91 0.00690057
1.92 0.00704215
1.93 0.00720511
1.94 0.00739674
1.95 0.00762856
1.96 0.00792034
1.97 0.00830979
1.98 0.00888201
1.99 0.00989735
2 0.0144448
2.01 -0.00212417
2.02 -0.00211972
2.03 -0.00211522
2.04 -0.00211075
2.05 -0.00210632
2.06 -0.00210193
2.07 -0.00209758
2.08 -0.00209326
2.09 -0.00208899
2.1 -0.00208475
2.11 -0.00208056
2.12 -0.0020764
2.13 -0.00207228
2.14 -0.0020682
2.15 -0.00206415
2.16 -0.00206015
2.17 -0.00205617
2.18 -0.00205224
2.19 -0.00204834
2.2 -0.00204448
