 2.035 1.29062 -0.0495725
 2.035 1.3219 -0.050458
 2.035 1.35275 -0.0513924
 2.035 1.3832 -0.0523796
 2.035 1.41328 -0.0534236
 2.035 1.44301 -0.0545292
 2.035 1.47242 -0.0557015
 2.035 1.50151 -0.0569463
 2.035 1.53031 -0.0582702
 2.035 1.55884 -0.0596807
 2.055 1.29062 -0.0325041
 2.055 1.3219 -0.0330876
 2.055 1.35275 -0.0337031
 2.055 1.3832 -0.034353
 2.055 1.41328 -0.0350401
 2.055 1.44301 -0.0357674
 2.055 1.47242 -0.0365385
 2.055 1.50151 -0.037357
 2.055 1.53031 -0.0382275
 2.055 1.55884 -0.0391548
 2.075 1.29062 -0.0244563
 2.075 1.3219 -0.0248974
 2.075 1.35275 -0.0253624
 2.075 1.3832 -0.0258532
 2.075 1.41328 -0.0263719
 2.075 1.44301 -0.0269209
 2.075 1.47242 -0.0275026
 2.075 1.50151 -0.0281201
 2.075 1.53031 -0.0287767
 2.075 1.55884 -0.0294761
 2.095 1.29062 -0.0197337
 2.095 1.3219 -0.0200911
 2.095 1.35275 -0.0204678
 2.095 1.3832 -0.0208652
 2.095 1.41328 -0.021285
 2.095 1.44301 -0.0217291
 2.095 1.47242 -0.0221997
 2.095 1.50151 -0.022699
 2.095 1.53031 -0.02323
 2.095 1.55884 -0.0237956
 2.115 1.29062 -0.0166029
 2.115 1.3219 -0.0169048
 2.115 1.35275 -0.0172228
 2.115 1.3832 -0.0175582
 2.115 1.41328 -0.0179123
 2.115 1.44301 -0.0182869
 2.115 1.47242 -0.0186836
 2.115 1.50151 -0.0191046
 2.115 1.53031 -0.0195521
 2.115 1.55884 -0.0200288
 2.135 1.29062 -0.0143578
 2.135 1.3219 -0.0146198
 2.135 1.35275 -0.0148956
 2.135 1.3832 -0.0151864
 2.135 1.41328 -0.0154933
 2.135 1.44301 -0.0158179
 2.135 1.47242 -0.0161615
 2.135 1.50151 -0.0165261
 2.135 1.53031 -0.0169137
 2.135 1.55884 -0.0173265
 2.155 1.29062 -0.0126564
 2.155 1.3219 -0.0128881
 2.155 1.35275 -0.0131319
 2.155 1.3832 -0.0133888
 2.155 1.41328 -0.0136599
 2.155 1.44301 -0.0139464
 2.155 1.47242 -0.0142498
 2.155 1.50151 -0.0145716
 2.155 1.53031 -0.0149135
 2.155 1.55884 -0.0152778
 2.175 1.29062 -0.0113133
 2.175 1.3219 -0.011521
 2.175 1.35275 -0.0117395
 2.175 1.3832 -0.0119696
 2.175 1.41328 -0.0122122
 2.175 1.44301 -0.0124687
 2.175 1.47242 -0.0127401
 2.175 1.50151 -0.0130279
 2.175 1.53031 -0.0133338
 2.175 1.55884 -0.0136596
 2.195 1.29062 -0.0102191
 2.195 1.3219 -0.0104072
 2.195 1.35275 -0.0106049
 2.195 1.3832 -0.010813
 2.195 1.41328 -0.0110324
 2.195 1.44301 -0.0112642
 2.195 1.47242 -0.0115095
 2.195 1.50151 -0.0117695
 2.195 1.53031 -0.0120459
 2.195 1.55884 -0.0123401
 2.215 1.29062 -0.00930542
 2.215 1.3219 -0.00947701
 2.215 1.35275 -0.00965729
 2.215 1.3832 -0.00984653
 2.215 1.41328 -0.0100465
 2.215 1.44301 -0.0102576
 2.215 1.47242 -0.0104809
 2.215 1.50151 -0.0107177
 2.215 1.53031 -0.0109692
 2.215 1.55884 -0.0112374
