 2.03 -0.056298
 2.05 -0.03484
 2.07 -0.025556
 2.09 -0.020333
 2.11 -0.016956
 2.13 -0.014576
 2.15 -0.012794
 2.17 -0.0114
 2.19 -0.010272
 2.21 -0.0093364
 2.23 -0.0085418
 2.25 -0.0078552
 2.27 -0.0072538
 2.29 -0.0067201
 2.31 -0.0062414
 2.33 -0.0058081
 2.35 -0.0054128
 2.37 -0.0050496
 2.39 -0.0047138
 2.41 -0.0044016
 2.43 -0.0041101
 2.45 -0.0038366
 2.47 -0.003579
 2.49 -0.0033357
 2.51 -0.0031049
 2.53 -0.0028855
 2.55 -0.0026763
 2.57 -0.0024763
 2.59 -0.0022847
 2.61 -0.0021007
 2.63 -0.0019236
 2.65 -0.0017529
 2.67 -0.0015879
 2.69 -0.0014281
 2.71 -0.0012736
 2.73 -0.0011228
 2.75 -0.00097582
 2.77 -0.00083241
 2.79 -0.00069214
 2.81 -0.00055436
 2.83 -0.00041901
 2.85 -0.00028552
 2.87 -0.00015352
 2.89 -2.2625e-05
 2.91 0.00010762
 2.93 0.00023764
 2.95 0.00036793
 2.97 0.00049899
 2.99 0.00063134
 3.01 0.00076554
 3.03 0.00090222
 3.05 0.0010421
 3.07 0.0011867
 3.09 0.0013352
 3.11 0.0014889
 3.13 0.0016495
 3.15 0.0018179
 3.17 0.001995
 3.19 0.0021823
 3.21 0.0023813
 3.23 0.0025935
 3.25 0.002821
 3.27 0.0030658
 3.29 0.0033305
 3.31 0.0036178
 3.33 0.0039311
 3.35 0.0042744
 3.37 0.0046525
 3.39 0.0050711
 3.41 0.0055374
 3.43 0.0060604
 3.45 0.0066516
 3.47 0.0073261
 3.49 0.0081039
 3.51 0.0090127
 3.53 0.010091
 3.55 0.011397
 3.57 0.013015
 3.59 0.015085
 3.61 0.01784
 3.63 0.021716
 3.65 0.027617
 3.67 0.037781
 3.69 0.05969
 3.71 0.14299
 3.73 -0.34654
 3.75 -0.077159
 3.77 -0.042899
 3.79 -0.029394
 3.81 -0.022135
 3.83 -0.017582
 3.85 -0.014448
 3.87 -0.01215
 3.89 -0.01039
 3.91 -0.0089943
 3.93 -0.0078597
 3.95 -0.0069182
 3.97 -0.0061241
 3.99 -0.0054455
 4.01 -0.0048592
