 2.03 2.031 -0.057263
 2.03 2.051 -0.058281
 2.03 2.071 -0.059355
 2.03 2.091 -0.06049
 2.03 2.111 -0.06169
 2.03 2.131 -0.062961
 2.03 2.151 -0.064308
 2.03 2.171 -0.065739
 2.03 2.191 -0.06726
 2.03 2.211 -0.068881
 2.03 2.231 -0.07061
 2.03 2.251 -0.072459
 2.03 2.271 -0.074439
 2.03 2.291 -0.076566
 2.03 2.311 -0.078855
 2.03 2.331 -0.081326
 2.03 2.351 -0.084001
 2.03 2.371 -0.086905
 2.03 2.391 -0.090071
 2.03 2.411 -0.093537
 2.03 2.431 -0.097347
 2.03 2.451 -0.10156
 2.03 2.471 -0.10625
 2.03 2.491 -0.11153
 2.03 2.511 -0.11755
 2.03 2.531 -0.12466
 2.03 2.551 -0.13349
 2.03 2.571 -0.14089
 2.03 2.591 -0.1494
 2.03 2.611 -0.15927
 2.03 2.631 -0.17087
 2.03 2.651 -0.18467
 2.03 2.671 -0.20138
 2.03 2.691 -0.22201
 2.03 2.711 -0.24812
 2.03 2.731 -0.28221
 2.03 2.751 -0.30901
 2.03 2.771 -0.37582
 2.03 2.791 -0.48024
 2.03 2.811 -0.66646
 2.03 2.831 -1.0923
 2.03 2.851 -3.0536
 2.03 2.871 3.796
 2.03 2.891 1.1666
 2.03 2.911 0.68793
 2.03 2.931 0.48716
 2.03 2.951 0.37674
 2.03 2.971 0.30689
 2.03 2.991 0.25874
 2.03 3.011 0.22352
 2.03 3.031 0.19666
 2.03 3.051 0.1755
 2.03 3.071 0.15839
 2.03 3.091 0.14427
 2.03 3.111 0.13243
