 2.035 1.29062 -0.0495725
 2.035 1.3219 -0.050458
 2.035 1.35275 -0.0513924
 2.035 1.3832 -0.0523796
 2.035 1.41328 -0.0534236
 2.035 1.44301 -0.0545292
 2.035 1.47242 -0.0557015
 2.035 1.50151 -0.0569463
 2.035 1.53031 -0.0582702
 2.035 1.55884 -0.0596807
 2.035 1.5871 -0.061186
 2.035 1.61512 -0.0627957
 2.035 1.6429 -0.0645208
 2.035 1.67046 -0.0663738
 2.035 1.69781 -0.0683692
 2.035 1.72496 -0.0705238
 2.035 1.75192 -0.0728575
 2.035 1.77869 -0.0753937
 2.035 1.80528 -0.0781604
 2.035 1.83171 -0.0811916
 2.035 1.85798 -0.0845292
 2.035 1.88409 -0.0882262
 2.035 1.91006 -0.0923523
 2.035 1.93588 -0.0970059
 2.035 1.96157 -0.102347
 2.035 1.98713 -0.108763
 2.035 2.01256 -0.116522
 2.035 2.03787 -0.122918
 2.035 2.06307 -0.130272
 2.035 2.08815 -0.138818
 2.035 2.11312 -0.148866
 2.035 2.13799 -0.160848
 2.035 2.16276 -0.175377
 2.035 2.18743 -0.193358
 2.035 2.21201 -0.21618
 2.035 2.23649 -0.226539
 2.035 2.26089 -0.267439
 2.035 2.2852 -0.326729
 2.035 2.30943 -0.420376
 2.035 2.33357 -0.590367
 2.035 2.35764 -0.994131
 2.035 2.38164 -3.17372
 2.035 2.40556 2.64236
 2.035 2.42941 0.930602
 2.035 2.4532 0.563965
 2.035 2.47691 0.404189
 2.035 2.50056 0.314737
 2.035 2.52415 0.257562
 2.035 2.54767 0.217869
 2.035 2.57114 0.188707
 2.035 2.59455 0.166377
 2.035 2.6179 0.148733
 2.035 2.6412 0.134439
 2.035 2.66444 0.122626
 2.035 2.68763 0.112699
 2.035 2.71077 0.10424
 2.035 2.73386 0.0969464
 2.035 2.75691 0.0905928
 2.035 2.7799 0.0850086
 2.035 2.80285 0.0800619
 2.035 2.82575 0.0756495
 2.035 2.84862 0.0716893
 2.035 2.87143 0.0681151
 2.035 2.89421 0.0648732
 2.035 2.91694 0.0619194
 2.035 2.93964 0.059217
 2.035 2.9623 0.0567354
 2.035 2.98492 0.0544488
 2.035 3.0075 0.0523354
 2.035 3.03004 0.0503766
 2.035 3.05255 0.0485563
 2.035 3.07503 0.0468608
 2.035 3.09747 0.0452782
 2.035 3.11988 0.0437982
 2.035 3.14226 0.0424119
 2.035 3.1646 0.0411114
 2.035 3.18691 0.0398897
 2.035 3.20919 0.038741
 2.035 3.23145 0.0376601
 2.035 3.25367 0.0366422
 2.035 3.27586 0.0356834
 2.035 3.29803 0.0347803
 2.035 3.32017 0.0339298
 2.035 3.34228 0.0331294
 2.035 3.36437 0.032377
 2.035 3.38643 0.0316707
 2.035 3.40846 0.0310093
 2.035 3.43047 0.0303916
 2.035 3.45246 0.0298169
 2.035 3.47442 0.0292849
 2.035 3.49635 0.0287956
 2.035 3.51827 0.0283493
 2.035 3.54016 0.027947
 2.035 3.56203 0.0275898
 2.035 3.58388 0.0272795
 2.035 3.6057 0.0270185
 2.035 3.62751 0.0268102
 2.035 3.64929 0.0266586
 2.035 3.67106 0.0265692
 2.035 3.6928 0.0265492
 2.055 1.29062 -0.0325041
 2.055 1.3219 -0.0330876
 2.055 1.35275 -0.0337031
 2.055 1.3832 -0.034353
 2.055 1.41328 -0.0350401
 2.055 1.44301 -0.0357674
 2.055 1.47242 -0.0365385
 2.055 1.50151 -0.037357
 2.055 1.53031 -0.0382275
 2.055 1.55884 -0.0391548
 2.055 1.5871 -0.0401445
 2.055 1.61512 -0.0412031
 2.055 1.6429 -0.0423379
 2.055 1.67046 -0.0435572
 2.055 1.69781 -0.0448711
 2.055 1.72496 -0.0462911
 2.055 1.75192 -0.0478306
 2.055 1.77869 -0.0495061
 2.055 1.80528 -0.0513372
 2.055 1.83171 -0.0533479
 2.055 1.85798 -0.0555688
 2.055 1.88409 -0.0580391
 2.055 1.91006 -0.0608125
 2.055 1.93588 -0.0639683
 2.055 1.96157 -0.0676446
 2.055 1.98713 -0.0722102
 2.055 2.01256 -0.0779079
 2.055 2.03787 -0.0818845
 2.055 2.06307 -0.0864579
 2.055 2.08815 -0.0917721
 2.055 2.11312 -0.0980211
 2.055 2.13799 -0.105473
 2.055 2.16276 -0.114511
 2.055 2.18743 -0.125696
 2.055 2.21201 -0.120532
 2.055 2.23649 -0.139142
 2.055 2.26089 -0.16459
 2.055 2.2852 -0.201482
 2.055 2.30943 -0.259755
 2.055 2.33357 -0.365537
 2.055 2.35764 -0.616796
 2.055 2.38164 -1.97315
 2.055 2.40556 1.6462
 2.055 2.42941 0.580974
 2.055 2.4532 0.352818
 2.055 2.47691 0.253391
 2.055 2.50056 0.197726
 2.055 2.52415 0.162147
 2.055 2.54767 0.137446
 2.055 2.57114 0.119299
 2.055 2.59455 0.105402
 2.055 2.6179 0.0944207
 2.055 2.6412 0.0855242
 2.055 2.66444 0.0781705
 2.055 2.68763 0.0719904
 2.055 2.71077 0.0667235
 2.055 2.73386 0.0621812
 2.055 2.75691 0.0582234
 2.055 2.7799 0.0547439
 2.055 2.80285 0.0516608
 2.055 2.82575 0.0489098
 2.055 2.84862 0.0464399
 2.055 2.87143 0.04421
 2.055 2.89421 0.0421866
 2.055 2.91694 0.0403423
 2.055 2.93964 0.0386544
 2.055 2.9623 0.0371039
 2.055 2.98492 0.0356748
 2.055 3.0075 0.0343536
 2.055 3.03004 0.0331288
 2.055 3.05255 0.0319904
 2.055 3.07503 0.0309302
 2.055 3.09747 0.0299408
 2.055 3.11988 0.0290158
 2.055 3.14226 0.0281499
 2.055 3.1646 0.0273382
 2.055 3.18691 0.0265767
 2.055 3.20919 0.0258619
 2.055 3.23145 0.0251906
 2.055 3.25367 0.0245601
 2.055 3.27586 0.0239683
 2.055 3.29803 0.0234132
 2.055 3.32017 0.0228933
 2.055 3.34228 0.0224071
 2.055 3.36437 0.0219538
 2.055 3.38643 0.0215326
 2.055 3.40846 0.0211431
 2.055 3.43047 0.020785
 2.055 3.45246 0.0204585
 2.055 3.47442 0.0201639
 2.055 3.49635 0.0199018
 2.055 3.51827 0.0196733
 2.055 3.54016 0.0194797
 2.055 3.56203 0.0193228
 2.055 3.58388 0.0192048
 2.055 3.6057 0.0191285
 2.055 3.62751 0.0190977
 2.055 3.64929 0.0191167
 2.055 3.67106 0.0191916
 2.055 3.6928 0.0193296
 2.075 1.29062 -0.0244563
 2.075 1.3219 -0.0248974
 2.075 1.35275 -0.0253624
 2.075 1.3832 -0.0258532
 2.075 1.41328 -0.0263719
 2.075 1.44301 -0.0269209
 2.075 1.47242 -0.0275026
 2.075 1.50151 -0.0281201
 2.075 1.53031 -0.0287767
 2.075 1.55884 -0.0294761
 2.075 1.5871 -0.0302227
 2.075 1.61512 -0.0310213
 2.075 1.6429 -0.0318777
 2.075 1.67046 -0.0327984
 2.075 1.69781 -0.033791
 2.075 1.72496 -0.0348647
 2.075 1.75192 -0.0360301
 2.075 1.77869 -0.0373003
 2.075 1.80528 -0.0386908
 2.075 1.83171 -0.0402215
 2.075 1.85798 -0.0419175
 2.075 1.88409 -0.0438119
 2.075 1.91006 -0.0459515
 2.075 1.93588 -0.0484075
 2.075 1.96157 -0.0513103
 2.075 1.98713 -0.0550274
 2.075 2.01256 -0.0598013
 2.075 2.03787 -0.06265
 2.075 2.06307 -0.0659264
 2.075 2.08815 -0.0697336
 2.075 2.11312 -0.0742109
 2.075 2.13799 -0.0795506
 2.075 2.16276 -0.0860261
 2.075 2.18743 -0.0748672
 2.075 2.21201 -0.0850423
 2.075 2.23649 -0.0983803
 2.075 2.26089 -0.116621
 2.075 2.2852 -0.143065
 2.075 2.30943 -0.184835
 2.075 2.33357 -0.260664
 2.075 2.35764 -0.440778
 2.075 2.38164 -1.41309
 2.075 2.40556 1.18147
 2.075 2.42941 0.417856
 2.075 2.4532 0.254302
 2.075 2.47691 0.183028
 2.075 2.50056 0.143125
 2.075 2.52415 0.11762
 2.075 2.54767 0.0999136
 2.075 2.57114 0.0869039
 2.075 2.59455 0.0769416
 2.075 2.6179 0.0690684
