 2.03 -0.056298 -0.0013822
 2.05 -0.03484 -0.0017616
 2.07 -0.025556 -0.0020579
 2.09 -0.020333 -0.002304
 2.11 -0.016956 -0.0025151
 2.13 -0.014576 -0.0026999
 2.15 -0.012794 -0.0028639
 2.17 -0.0114 -0.0030109
 2.19 -0.010272 -0.0031437
 2.21 -0.0093364 -0.0032642
 2.23 -0.0085418 -0.0033741
 2.25 -0.0078552 -0.0034746
 2.27 -0.0072538 -0.0035668
 2.29 -0.0067201 -0.0036516
 2.31 -0.0062414 -0.0037296
 2.33 -0.0058081 -0.0038015
 2.35 -0.0054128 -0.0038679
 2.37 -0.0050496 -0.0039291
 2.39 -0.0047138 -0.0039857
 2.41 -0.0044016 -0.0040379
 2.43 -0.0041101 -0.004086
 2.45 -0.0038366 -0.0041305
 2.47 -0.003579 -0.0041714
 2.49 -0.0033357 -0.0042091
 2.51 -0.0031049 -0.0042438
 2.53 -0.0028855 -0.0042756
 2.55 -0.0026763 -0.0043048
 2.57 -0.0024763 -0.0043314
 2.59 -0.0022847 -0.0043557
 2.61 -0.0021007 -0.0043778
 2.63 -0.0019236 -0.0043978
 2.65 -0.0017529 -0.0044159
 2.67 -0.0015879 -0.004432
 2.69 -0.0014281 -0.0044464
 2.71 -0.0012736 -0.0044592
 2.73 -0.0011228 -0.0044704
 2.75 -0.00097582 -0.0044801
 2.77 -0.00083241 -0.0044883
 2.79 -0.00069214 -0.0044953
 2.81 -0.00055436 -0.004501
 2.83 -0.00041901 -0.0045055
 2.85 -0.00028552 -0.0045088
 2.87 -0.00015352 -0.0045111
 2.89 -2.2625e-05 -0.0045123
 2.91 0.00010762 -0.0045126
 2.93 0.00023764 -0.0045119
 2.95 0.00036793 -0.0045104
 2.97 0.00049899 -0.0045081
 2.99 0.00063134 -0.0045049
 3.01 0.00076554 -0.004501
 3.03 0.00090222 -0.0044964
 3.05 0.0010421 -0.0044912
 3.07 0.0011867 -0.0044853
 3.09 0.0013352 -0.0044788
 3.11 0.0014889 -0.0044717
 3.13 0.0016495 -0.004464
 3.15 0.0018179 -0.0044559
 3.17 0.001995 -0.0044473
 3.19 0.0021823 -0.0044382
 3.21 0.0023813 -0.0044287
 3.23 0.0025935 -0.0044187
 3.25 0.002821 -0.0044084
 3.27 0.0030658 -0.0043977
 3.29 0.0033305 -0.0043867
 3.31 0.0036178 -0.0043753
 3.33 0.0039311 -0.0043636
 3.35 0.0042744 -0.0043516
 3.37 0.0046525 -0.0043394
 3.39 0.0050711 -0.0043269
 3.41 0.0055374 -0.0043141
 3.43 0.0060604 -0.0043011
 3.45 0.0066516 -0.0042879
 3.47 0.0073261 -0.0042745
 3.49 0.0081039 -0.0042609
 3.51 0.0090127 -0.0042472
 3.53 0.010091 -0.0042333
 3.55 0.011397 -0.0042192
 3.57 0.013015 -0.004205
 3.59 0.015085 -0.0041906
 3.61 0.01784 -0.0041762
 3.63 0.021716 -0.0041616
 3.65 0.027617 -0.0041469
 3.67 0.037781 -0.0041321
 3.69 0.05969 -0.0041173
 3.71 0.14299 -0.0041024
 3.73 -0.34654 -0.0040874
 3.75 -0.077159 -0.0040723
 3.77 -0.042899 -0.0040572
 3.79 -0.029394 -0.004042
 3.81 -0.022135 -0.0040268
 3.83 -0.017582 -0.0040116
 3.85 -0.014448 -0.0039963
 3.87 -0.01215 -0.003981
 3.89 -0.01039 -0.0039657
 3.91 -0.0089943 -0.0039504
 3.93 -0.0078597 -0.0039351
 3.95 -0.0069182 -0.0039197
 3.97 -0.0061241 -0.0039044
 3.99 -0.0054455 -0.0038891
 4.01 -0.0048592 -0.0038738
